../../.git/annex/objects/vp/gK/MD5E-s806674--bb9f609aa1704efded640757038da020.tsv/MD5E-s806674--bb9f609aa1704efded640757038da020.tsv